24, 15, 16, 0, 1, res/firered-ss.png 

3 		4 		3 		4 		3 		4 		3 		4 		3 		4 		3 		4 		3 		4 		3 		4 		3 		4 		3 		4 		3 		4 		3 		4 
21 	22	21	22	21 	22	21	22	21 	22	21	22	21 	22	21	22	21 	22	21	22	21 	22	21	22 
5		6		37	38	37	38	37	38	37	38	37	38	37	38	37	38	37	38	37	38	37	38	5		6 
21	22	1		1		1		1		1		1		1		1		1		1		1		1		1		1		1		1		1		1		1		1		21	22 
5		6		1		17	1		1		17	1		1		1		1		1		1		1		1		1		1		17	1		16	1		1		5		6 
21	22	16	1		1		1		1		1		1		1		1		1		1		16	1		1		1		1		1		1		1		1		21	22 
5		6		1		1		1		1		1		1		1		1		17	1		1		1		1		1		1		1		1		1		1		1		5		6 
21	22	1		1		1		1		16	1		1		1		1		1		1		1		1		1		1		1		1		17	1		1		21	22 
5		6		1		1		17	1		1		1		16	1		1		1		1		1		1		16	1		1		1		1		1		1		5		6 
21	22	1		1		1		1		1		1		1		1		1		1		1		17	1		1		1		1		1		1		1		1		21	22 
5		6		16	1		1		1		1		1		1		1		17	1		1		1		1		1		1		16	1		1		1		17	5		6 
21	22	1		1		1		1		16	1		1		1		1		1		1		1		1		1		1		1		1		1		1		1		21	22 
5		6		3		4		3		4		3		4		3		4		3		4		3		4		3		4		3		4		3		4		3		4		5		6 
21 	22	21	22	21 	22	21	22	21 	22	21	22	21 	22	21	22	21 	22	21	22	21 	22	21	22 
37	38	37	38	37	38	37	38	37	38	37	38	37	38	37	38	37	38	37	38	37	38	37	38 

1	 1	 1	 1	 1	 1	 1	 1	 1	 1	 1	 1	 1	 1	 1	 1	 1	 1	 1	 1	 1	 1	 1	 1	
1	 1	 1	 1	 1	 1	 1	 1	 1	 1	 1	 1	 1	 1	 1	 1	 1	 1	 1	 1	 1	 1	 1	 1	
1	 1	 1	 1	 1	 1	 1	 1	 1	 1	 1	 1	 1	 1	 1	 1	 1	 1	 1	 1	 1	 1	 1	 1	
1	 	1	 	0		0		0		0		0		0		0		0		0		0		0		0		0		0		0		0		0		0		0		0		1	 	1	  
1	 	1	 	0		0		0		0		0		0		0		0		0		0		0		0		0		0		0		0		0		0		0		0		1	 	1	
1	 	1	 	0		0		0		0		0		0		0		0		0		0		0		0		0		0		0		0		0		0		0		0		1	 	1	
1	 	1	 	0		0		0		0		0		0		0		0		0		0		0		0		0		0		0		0		0		0		0		0		1	 	1	
1	 	1	 	0		0		0		0		0		0		0		0		0		0		0		0		0		0		0		0		0		0		0		0		1	 	1	
1	 	1	 	0		0		0		0		0		0		0		0		0		0		0		0		0		0		0		0		0		0		0		0		1	 	1	
1	 	1	 	0		0		0		0		0		0		0		0		0		0		0		0		0		0		0		0		0		0		0		0		1	 	1	
1	 	1	 	0		0		0		0		0		0		0		0		0		0		0		0		0		0		0		0		0		0		0		0		1	 	1	
1	 	1	 	0		0		0		0		0		0		0		0		0		0		0		0		0		0		0		0		0		0		0		0		1	 	1	
1	 	1	 	2	 2	 2	 2	 2	 2	 2	 2	 2	 2	 2	 2	 2	 2	 2	 2	 2	 2	 2	 2		1	 	1	
1	 1	 1	 1	 1	 1	 1	 1	 1	 1	 1	 1	 1	 1	 1	 1	 1	 1	 1	 1	 1	 1	 1	 1	
1	 1	 1	 1	 1	 1	 1	 1	 1	 1	 1	 1	 1	 1	 1	 1	 1	 1	 1	 1	 1	 1	 1	 1	